ccchxxlll. 5551555555 (55515. 5555155555 vamum. 51515 nnn 55555555. 5523

555 5555 515 515555, 555 55555555.
15555155551555, 555 5555555555.
15 55555 515 555 555515 55 55555 55555555
5155 515 5555 5555 55515 5555555555.
555 15 155 55 5555 5515 55555555,
Dua 555 5555 155555 555 1555555 55555555. 551( (νῦνωξῑῖὶωξζῐξ
,355 5555, 5555 515 5555 5555 55551555, 155555 5551515

555155 5 55555551

f (555) vnn 5555 5515555 5555155 155 55555 'W '¹⁸¹¹‘ ‘¹⁸‘ ”⁹¹¹

5551 555 1515151155

555 5555 jn 555 555555 55155555555555 (55515 15151155
(3155 555 555 5555555 555 5555555
5155 155155 555 155555 5155 5555 555555
1515555555 55555 5155 5515 555555)
55 5555 55 5555515 555 555 15 5551551,
5111515555 555555 15 bani 5551551555,
jn 5555 55 515 15 55555 5555 551555.
555 515 55555155, 5551551555, 5555555555,
Cn 55115 5555 5551551 555 555555555.
(555) 55 555 511 5155155515 5555 55515555.
’ 555 1515555 551555 555 555555 555555.
5555 55515 55555 515 5555555555
jn 5555555555 5555, 5555 5555555 5555,
er 55555555 55 511 55555 5555155555,
55 555 55 515 555555 55155 5555515555.
9551555555 55 555 555 55155,
(555) 555 555 555 5555 55511555 5555555555 555.

Et (5055555 „num §Xblusnt

555 11 5555 515 5515 51555 155555 1155, 555 5555 55555555
555 55 5555 55555 5555 5155155155 15ἷῖ ἷῗιῇῗ5’“ἷι’555”5“ἔ
155 555 55555 555 55555555 155. ’ΝΜ [mnne ’ω’
(5555) wan 555 555555 (mit 5515 555 15555)
stin 55555 555555555 155 55555555,
5155 151, 555 55 5555515555 555555,
nun 555555 555555 5515555555,
wit 155 5555 55555 555 5555555,
vnn 555 555 55555555 15155 555555,
5555 55555 555 1555555 55 5555555
ju 5555555555 55555555 555,
von 555555 555 555555 55555555.
555 1555 55555 51555 555555 55555515 5555,
(5555) &ab 55551555 5515 5555555 555 55515.
55555 555 55 55555 55515115 55555555
5555 55155, 555 55555 55 5555 5555555.
5555 55 5555 5555 55555 555
515551151515 5555 51515 55,
91555555 555 5155 555 55555515 5155555
ptr 55555555 5555555555 15155555 555555.
vnn 5555 15 5555 115155 5511555 5555555555,

555 5155 555 55555 55 (5555 55 55555)

 

