cccli. 000 nnn 00001οτ 010001, 001000000000101000 00. 1.·01. 155

0000. ’ ’ Q

(Ι ,1110111000 11011101 01100 101100 (0011101.)

11110 0101010 111 000 1001 110 0001101100 ¹
010 10 000 101 00000 000 01100

nn tuunutliumu 111000 100000

10100 10001100 000 000 1100000

101 000 10111000 01001010 000 111.

111 10100001 100οι0 000100 011 ¹
gunt 1101100 01100 110 id) 100000

010000 00100 10101100 00101000 1000 001001
0110 1011000 100 id) 001 00000000

1100000 111100 0000 1100000 100000
00001000 100111 0001100 0100 00011

’0 00001 mida 101000 01100 1011

wir 100100 0000 000 101 00000000

010 01100 010001 1101000 1001100100

30 0110001000 10 0001000100 000000
10100000 000 1111. 1011000 000000

00010000 01111101 10 00000010

000 00 01000 00 000 000 000000 000010

(I 000 11011.
&aa 0000 0001 011 10 0101010000
010 10 010 110101 001001100οπ
80101100 1101001 11100 010 10110 11000

1 Ψῷ1000000101000
y 1 ³ 000 00110000 10110111 1010 ,
u ‘t'ffluum 100 001 0001100 1010

300000 10111 ultim 0010 000 11001
0011000 110100 1011 id) 000 101100 11001.

41 0001000110100000.
300 10000101ἱο 10 1001 1011 0000100
1000011101 0001101001101 1010001 10100 ’
β10111111010010011 rtd)t 1000110101
1101100110οη 0100100 011 001000 00100111 10001

0011100 0001 0111 11ὕο 1011 100 mit 1110100
eccll. Ex libello (Helvetico, put0‚) inscripto: 1111011111100001111100100110010
0011100 10οε1000010001100100011 00101011 010 10101100, 3110 10 000 ,111000111οσ ,10-
0100 0001000001. ζ3100 1011 010 000 0000 11001000 Ι 01100 0001 000 0000101000 aad) 1000
00001111 0001001100, 011 10001 000000 10 110 00100 1111 111 111100110001000-
10110010000110000001. 1110 0110011111 010 101110 60101111. 900101111000110011
ptr 1100 000 30000101, 10001 10100 010 001000 1011001100 0101011100 10100. Bit 01100-
110000 111 000 0011 10100, 010 000000 1 10100 010 1011100100000000010011111. 11000-
1011. mi 010 ‚xit 00100. 11 310 jur 1 Μ D 111111. 181011. in 4⁰. s. 1. et a.)

 

